-2.381907213647882493e-02
-5.784551504221124851e-01
-8.291483843283833366e-01
-9.765735320785444706e-01
-1.076426444835918428e+00
-1.137523443985088978e+00
-1.192991501882259442e+00
-1.240302269588359874e+00
-1.280584506227260722e+00
-1.315217585067017136e+00
-1.345189719116447247e+00
-1.371367751396346035e+00
-1.394402476516684697e+00
-1.414854490951300336e+00
-1.433206816630866687e+00
-1.449858055962461867e+00
-1.465123634534691632e+00
-1.479244429797693439e+00
-1.492400580649618114e+00
-1.504725796688714645e+00
-1.516319916141333657e+00
-1.527258925097656705e+00
-1.537602439475373561e+00
-1.547399031679320469e+00
-1.556689878624548218e+00
-1.565511176341808142e+00
-1.573895683756197483e+00
-1.581873670119548159e+00
-1.589473465177974498e+00
-1.596721753185467385e+00
-1.603643709059102918e+00
-1.610263044478893679e+00
-1.616602009393725670e+00
-1.622681378738668467e+00
-1.628520442621951947e+00
-1.634137010236183851e+00
-1.639547432054058840e+00
-1.644766641139355334e+00
-1.649808211905181121e+00
-1.654684433425048784e+00
-1.659406393670988855e+00
-1.663984070981135766e+00
-1.668426429263529576e+00
-1.672741513911544908e+00
-1.676936545903098263e+00
-1.681018012065073508e+00
-1.684991750088761453e+00
-1.688863027301285902e+00
-1.692636612637823390e+00
-1.696316841559725175e+00
-1.699907673980641576e+00
-1.703412745414596863e+00
-1.706835411705364791e+00
-1.710178787835849201e+00
-1.713445781276192292e+00
-1.716639120464487078e+00
-1.719761378915057648e+00
-1.722814995487012890e+00
-1.725802291289565638e+00
-1.728725483694370180e+00
-1.731586697851220213e+00
-1.734387976065316472e+00
-1.737131285422939930e+00
-1.739818523860244603e+00
-1.742451525065360940e+00
-1.745032062275640783e+00
-1.747561851330255767e+00
-1.750042552995181966e+00
-1.752475774816932175e+00
-1.754863072529804002e+00
-1.757205951195002225e+00
-1.759505866107690331e+00
-1.761764223538885954e+00
-1.763982381403038868e+00
-1.766161649874326667e+00
-1.768303291949872458e+00
-1.770408524072362155e+00
-1.772478516742197030e+00
-1.774514395195567307e+00
-1.776517240137280407e+00
-1.778488088512167220e+00
-1.780427934352286190e+00
-1.782337729678949545e+00
-1.784218385475612623e+00
-1.786070772682461172e+00
-1.787895723257476366e+00
-1.789694031300806509e+00
-1.791466454158109567e+00
-1.793213713613786453e+00
-1.794936497056803137e+00
-1.796635458680538644e+00
-1.798311220697151214e+00
-1.799964374545809598e+00
-1.801595482077941401e+00
-1.803205076768143122e+00
-1.804793664885572468e+00
-1.806361726654707844e+00
-1.807909717392316207e+00
-1.809438068616052941e+00
-1.810947189140514890e+00
-1.812437466105929484e+00
-1.813909266033179701e+00
-1.815362935782156351e+00
-1.816798803527138073e+00
-1.818217179655455595e+00
-1.819618357681854759e+00
-1.821002615067851327e+00
-1.822370214063741667e+00
-1.823721402466913721e+00
-1.825056414394987891e+00
-1.826375470984872962e+00
-1.827678781089218552e+00
-1.828966541920212130e+00
-1.830238939690957745e+00
-1.831496150207013951e+00
-1.832738339440438180e+00
-1.833965664073485380e+00
-1.835178272029463376e+00
-1.836376302953674600e+00
-1.837559888729888069e+00
-1.838729153896354163e+00
-1.839884216114325843e+00
-1.841025186569032801e+00
-1.842152170392578059e+00
-1.843265267040512967e+00
-1.844364570649491775e+00
-1.845450170426424119e+00
-1.846522150969140519e+00
-1.847580592593637494e+00
-1.848625571668040646e+00
-1.849657160913043219e+00
-1.850675429691673868e+00
-1.851680444293342553e+00
-1.852672268220851848e+00
-1.853650962428125437e+00
-1.854616585611064572e+00
-1.855569194421325285e+00
-1.856508843718751578e+00
-1.857435586789370818e+00
-1.858349475582520061e+00
-1.859250560890537640e+00
-1.860138892594771498e+00
-1.861014519817893120e+00
-1.861877491137319485e+00
-1.862727854762183721e+00
-1.863565658689724902e+00
-1.864390950887893972e+00
-1.865203779448894261e+00
-1.866004192730407851e+00
-1.866792239497964356e+00
-1.867567969075425882e+00
-1.868331431457121550e+00
-1.869082677426160188e+00
-1.869821758696662339e+00
-1.870548727976145242e+00
-1.871263639108441623e+00
-1.871966547135783143e+00
-1.872657508408518634e+00
-1.873336580641102866e+00
-1.874003823010079728e+00
-1.874659296205874126e+00
-1.875303062487557959e+00
-1.875935185750073231e+00
-1.876555731578799069e+00
-1.877164767261984224e+00
-1.877762361860940032e+00
-1.878348586210210946e+00
-1.878923512970362308e+00
-1.879487216619285750e+00
-1.880039773489871280e+00
-1.880581261764189716e+00
-1.881111761487016754e+00
-1.881631354545827417e+00
-1.882140124692118999e+00
-1.882638157510338139e+00
-1.883125540413310484e+00
-1.883602362608694403e+00
-1.884068715099165736e+00
-1.884524690642110478e+00
-1.884970383709494435e+00
-1.885405890482764857e+00
-1.885831308778790127e+00
-1.886246738045115556e+00
-1.886652279290702783e+00
-1.887048035060421958e+00
-1.887434109363163470e+00
-1.887810607646799532e+00
-1.888177636728862963e+00
-1.888535304750614596e+00
-1.888883721116640269e+00
-1.889222996430264256e+00
-1.889553242449828474e+00
-1.889874572010094456e+00
-1.890187098979398073e+00
-1.890490938182573410e+00
-1.890786205334092918e+00
-1.891073016987510957e+00
-1.891351490461665286e+00
-1.891621743781337184e+00
-1.891883895603860388e+00
