-0.023819072136478825
-0.578455150421824
-0.8291483843285159
-0.9765735320787541
-1.076426444836263
-1.1375234439844184
-1.1929915018815473
-1.2403022695874704
-1.2805845062293968
-1.3152175850696812
-1.3451897191199222
-1.3713677514003386
-1.3944024765154854
-1.414854490954799
-1.4332068166343235
-1.4498580559646035
-1.465123634535022
-1.4792444297964886
-1.4924005806496594
-1.5047257966861107
-1.5163199161440968
-1.5272589250946438
-1.5376024394753405
-1.547399031679943
-1.556689878623211
-1.5655111763417326
-1.573895683756179
-1.581873670116726
-1.5894734651786124
-1.5967217531860207
-1.6036437090590403
-1.6102630444762982
-1.61660200939193
-1.622681378735897
-1.6285204426215618
-1.63413701023285
-1.6395474320537504
-1.6447666411417883
-1.6498082119055386
-1.6546844334250017
-1.6594063936735965
-1.6639840709819689
-1.6684264292636988
-1.6727415139105588
-1.6769365458999461
-1.6810180120647684
-1.684991750087664
-1.6888630272986997
-1.692636612636434
-1.6963168415584422
-1.69990767397774
-1.703412745412915
-1.7068354117078828
-1.710178787838645
-1.7134457812763624
-1.7166391204683262
-1.7197613789166293
-1.7228149954860492
-1.7258022912908848
-1.7287254836956003
-1.7315866978506453
-1.7343879760653405
-1.7371312854208165
-1.7398185238600763
-1.7424515250626822
-1.7450320622730635
-1.7475618513271893
-1.7500425529977832
-1.7524757748164252
-1.7548630725291254
-1.7572059511949205
-1.7595058661079954
-1.761764223537147
-1.763982381403716
-1.766161649873422
-1.7683032919504462
-1.7704085240707115
-1.7724785167423265
-1.7745143951964915
-1.7765172401388252
-1.7784880885117516
-1.7804279343521956
-1.7823377296826253
-1.7842183854784706
-1.7860707726806049
-1.7878957232598915
-1.789694031299649
-1.7914664541610925
-1.7932137136151964
-1.7949364970566004
-1.7966354586800521
-1.7983112206971725
-1.7999643745434928
-1.8015954820760705
-1.8032050767677754
-1.8047936648844973
-1.80636172665211
-1.8079097173893324
-1.8094380686173441
-1.8109471891387843
-1.812437466104912
-1.8139092660334841
-1.8153629357812542
-1.8167988035236022
-1.8182171796564641
-1.8196183576810103
-1.821002615069611
-1.8223702140645828
-1.8237214024669726
-1.8250564143971721
-1.826375470987026
-1.8276787810878163
-1.8289665419177372
-1.8302389396918481
-1.83149615020963
-1.8327383394415906
-1.8339656640742823
-1.8351782720272496
-1.8363763029537985
-1.8375598887291977
-1.8387291538960508
-1.8398842161110567
-1.8410251865679594
-1.842152170392386
-1.8432652670369827
-1.8443645706511171
-1.8454501704275856
-1.8465221509696401
-1.8475805925912416
-1.8486255716680282
-1.8496571609129688
-1.8506754296933479
-1.851680444294521
-1.852672268217694
-1.853650962429521
-1.8546165856123993
-1.8555691944213306
-1.8565088437202648
-1.8574355867895784
-1.85834947557967
-1.8592505608910632
-1.8601388925925701
-1.8610145198152654
-1.8618774911356835
-1.862727854761075
-1.8635656586887248
-1.8643909508879015
-1.8652037794522274
-1.866004192731181
-1.8667922394993806
-1.8675679690774072
-1.8683314314539627
-1.8690826774290876
-1.8698217586936026
-1.8705487279737616
-1.87126363910832
-1.871966547134377
-1.8726575084088442
-1.8733365806405333
-1.8740038230126868
-1.8746592962047348
-1.8753030624871179
-1.8759351857500204
-1.8765557315803676
-1.8771647672626393
-1.8777623618623327
-1.8783485862114042
-1.878923512970382
-1.8794872166207481
-1.880039773489664
-1.8805812617668574
-1.8811117614864583
-1.8816313545464047
-1.8821401246919667
-1.8826381575123055
-1.883125540410771
-1.8836023626065161
-1.8840687151005733
-1.8845246906392186
-1.884970383710661
-1.885405890483416
-1.8858313087802983
-1.8862467380446761
-1.886652279293692
-1.887048035060567
-1.887434109364005
-1.8878106076465913
-1.8881776367290124
-1.8885353047530975
-1.8888837211149005
-1.889222996429977
-1.889553242450022
-1.8898745720124968
-1.8901870989825373
-1.8904909381831896
-1.8907862053335132
-1.8910730169872374
-1.8913514904638884
-1.8916217437848268
-1.8918838956038797
